  0.3719123500361147E-01
  0.3233107660661603E+12
  0.3269404000628041E+01
  0.2530660333767018E-33
  0.3756096532029446E-30
  0.1396144705089065E+08
  0.0000000000000000E+00
  0.2246638604637488E-01
  0.3974746442585290E+09
  0.2673751263357335E+09
  0.1204260626812883E-34
  0.1192967135899397E+13
  0.5418788606877993E-07
  0.3877778994461921E-31
 -0.1252647272267647E-20
  0.1898837594234759E+13
  0.2973790981810957E-13
  0.5946610595181597E+09
  0.1877707163333613E-31
  0.8449371347272786E+01
  0.3029223889784420E+11
 -0.8648733850241021E-49
  0.1179496512188717E-29
  0.2798856691904291E+00
  0.2098675898080911E+13
  0.1564704470750062E+11
  0.3906305692141421E+08
  0.9865845971697181E+09
  0.1268625638941464E+05
  0.3579021427842010E+08
  0.2676675588568124E+10
  0.8210126935053567E-02
