Lambda: column  1
  0.1414183567594592E-14
 -0.2487843617385922E-15
  0.2793727933532887E-13
 -0.2575934051060595E-13
 -0.1701313586777191E-13
  0.5137705853223863E-13
 -0.6466246934862888E-14
 -0.2434635367346362E-13
  0.2491055199908827E-13
  0.2599024356603297E-13
 -0.1768214889837093E-13
  0.1748782831935485E-13
  0.1329090541668420E-14
 -0.1800942698981238E-13
  0.2653368699799375E-14
 -0.5142479025640528E-15
  0.2106057952121163E-15
  0.1271164767826772E-14
  0.1570249109805986E-14
  0.2826079655461974E-16
 -0.7216019027203488E-15
 -0.1104567797185838E-14
  0.1656527121674978E-14
  0.1546355658283140E-14
  0.1837106828685809E-14
  0.2575896280040070E-13
  0.4950227595260033E-15
  0.2317335256996205E-15
  0.1837099974914123E-14
  0.2709046093453505E-13
  0.2431963031432880E-13
  0.2133574582152182E-14
Lambda: column  2
  0.1163531604994657E-01
  0.5032105143849448E-02
  0.7782191044548371E-01
 -0.1986424457022524E-01
  0.1605655031832940E-02
  0.4128998664847013E-01
  0.1023342268487553E+00
 -0.5808903959742586E-02
  0.1005387401364359E-01
  0.2463512527352505E-01
  0.3921214201948946E-02
 -0.4227759085872799E-01
  0.4790369392845745E-02
 -0.1636475814049255E-02
  0.7110806517896502E-01
  0.2492611637434228E-01
  0.7089827339112512E-01
  0.1251405118002839E-01
  0.1500934742524040E+00
  0.3382540356539274E-01
  0.2757203157988013E-01
  0.1603304637015230E+00
  0.6058068016254532E-01
  0.5405636737277863E-01
  0.1714242495029254E-01
  0.1986176215337298E-01
  0.3056182461817194E-02
  0.4781058084955803E-02
  0.1714235946698346E-01
  0.3272799438501368E-01
  0.5692024765288618E-02
  0.5723525312284136E-01
Lambda: column  3
 -0.3680430824082590E-11
  0.2185676719502149E-11
  0.8092593358707386E-05
  0.1452509912281412E-10
  0.2188875045783532E-05
 -0.2745210980206615E-10
  0.4777464777883400E-03
  0.1382539941305569E-10
 -0.1605307751590531E-10
 -0.1442598342558694E-10
  0.1418361062639399E-05
 -0.6544198772707632E-12
 -0.4866345143486740E-03
  0.1394281511863563E-05
  0.6945954707950024E-05
  0.1254628861879764E-11
  0.2292264169535742E-05
 -0.5319334266021085E-12
  0.6655727483816725E-05
  0.3999362646990612E-03
  0.3831891424151521E-11
  0.8194436797970215E-05
 -0.4163225795223317E-03
  0.7187957444984243E-05
 -0.1414169729202571E-11
 -0.1452593404959008E-10
 -0.2976621167552488E-11
  0.9199980947687950E-13
 -0.1414165672774208E-11
 -0.1528652882012644E-10
 -0.1392293719270928E-10
  0.6167476053382321E-05
Lambda: column  4
 -0.1194682570792439E-44
  0.7007213838559698E-45
 -0.4918741760391768E-44
  0.6510724339027612E-44
  0.4785124888197222E-14
 -0.1252652645723527E-43
  0.7327829647335411E-44
  0.6197019265058311E-44
 -0.6898081299110942E-44
 -0.6484547890299682E-44
  0.6980347134009453E-44
 -0.1713270664161703E-44
 -0.3798761710841222E-46
  0.6970193024066709E-44
  0.2054266141043247E-44
  0.5458805358153989E-45
  0.3259887490405466E-44
 -0.2546867805112038E-45
  0.4399191861274071E-44
  0.1273827773805720E-44
  0.1341103349105845E-44
  0.7648922323829114E-44
  0.3074021460798489E-44
  0.2332630179041125E-44
 -0.5579027076946762E-45
 -0.6510929682378098E-44
 -0.9166517857358644E-45
  0.2403315822515185E-46
 -0.5579009847639636E-45
 -0.6836391978943161E-44
 -0.6222370043358907E-44
  0.1382584905227718E-44
Lambda: column  5
 -0.1781119993705215E-41
  0.1043502909475461E-41
 -0.7191380512579850E-41
  0.9569542257367100E-41
  0.7102247203868148E-11
 -0.1840264919905861E-40
  0.1087388199906244E-40
  0.9097718547102826E-41
 -0.1014181628352853E-40
 -0.9531113178141397E-41
  0.1033767235098249E-40
 -0.2404534870717531E-41
 -0.4455919365441699E-43
  0.1032260860358027E-40
  0.3067477186030678E-41
  0.8329493645280765E-42
  0.4881739048164888E-41
 -0.3835898869838057E-42
  0.6610992014572890E-41
  0.1886379662684760E-41
  0.2016397828477620E-41
  0.1142045361405158E-40
  0.4610313610637794E-41
  0.3481542046687704E-41
 -0.8365667995217856E-42
 -0.9569845534298671E-41
 -0.1364202115397647E-41
  0.3524193580278668E-43
 -0.8365642113673811E-42
 -0.1005887734349215E-40
 -0.9135242573570751E-41
  0.2066945598395795E-41
Lambda: column  6
  0.4721230125668822E-06
 -0.1552988970333181E-06
  0.2789101607129447E-04
 -0.2811794820543266E-04
 -0.1715485748596792E-04
  0.5615167875425459E-04
 -0.1133838149582997E-04
 -0.2770582185568446E-04
  0.2790785916551008E-04
  0.2816464577765877E-04
 -0.1820544261261652E-04
  0.2542335611317099E-04
  0.1541182897967615E-05
 -0.1832346441511731E-04
 -0.2720779719802711E-06
 -0.8625652624949328E-06
 -0.1477091231915264E-05
  0.3702999199629770E-06
 -0.2618449365102674E-05
 -0.1816594875150152E-05
 -0.1001032657902151E-05
 -0.6254009028401869E-05
  0.5370317316626460E-06
 -0.4570621671977159E-06
  0.5508775565626143E-06
  0.2811784356213135E-04
  0.1965715048645420E-06
  0.4702134572069010E-07
  0.5508755299725270E-06
  0.2851023958149543E-04
  0.2769854569527762E-04
 -0.2191847777395656E-06
Lambda: column  7
  0.0000000000000000E+00
  0.0000000000000000E+00
  0.0000000000000000E+00
  0.0000000000000000E+00
  0.0000000000000000E+00
  0.0000000000000000E+00
  0.6168976991473014E-45
  0.0000000000000000E+00
  0.0000000000000000E+00
  0.0000000000000000E+00
  0.0000000000000000E+00
  0.0000000000000000E+00
  0.0000000000000000E+00
  0.0000000000000000E+00
  0.0000000000000000E+00
  0.0000000000000000E+00
  0.0000000000000000E+00
  0.0000000000000000E+00
  0.0000000000000000E+00
  0.0000000000000000E+00
  0.0000000000000000E+00
  0.0000000000000000E+00
  0.0000000000000000E+00
  0.0000000000000000E+00
  0.0000000000000000E+00
  0.0000000000000000E+00
  0.0000000000000000E+00
  0.0000000000000000E+00
  0.0000000000000000E+00
  0.0000000000000000E+00
  0.0000000000000000E+00
  0.0000000000000000E+00
Lambda: column  8
 -0.2723283701547774E-13
  0.1633684299423596E-13
 -0.1104956290928971E-12
  0.1486588068799318E-12
  0.1616439800066529E-12
 -0.2857309789870613E-12
  0.3259207927812163E-05
  0.1422657275691119E-12
 -0.1584416340296496E-12
 -0.1478950568562715E-12
  0.1593038775279699E-12
 -0.4131991236272321E-13
 -0.3399373726624583E-05
  0.1588981922032509E-12
  0.4922883686523250E-13
  0.1152246927627909E-13
  0.7530856359392060E-13
 -0.5096997173566425E-14
  0.1011026277447893E-12
  0.2767444051033832E-05
  0.3014191839914722E-13
  0.2012126476524412E-08
 -0.2935422845955694E-05
  0.5521636987959420E-13
 -0.1185349806035739E-13
 -0.1486639794685485E-12
 -0.2132831837945083E-13
  0.7140266107796029E-15
 -0.1185346231160839E-13
 -0.1553911002604798E-12
 -0.1428878116704467E-12
  0.3318799524118743E-13
Lambda: column  9
 -0.8452856485934783E-05
 -0.4330033037579484E-06
  0.2022545064731339E-03
 -0.2395453092922652E-03
 -0.1333245498901152E-03
  0.4789730854262909E-03
 -0.1562017601934149E-03
 -0.2495074942165255E-03
  0.2464800973403250E-03
  0.2373595979538503E-03
 -0.1461223985790465E-03
  0.2905156475397344E-03
  0.1332780856986812E-04
 -0.1440880079433418E-03
 -0.4534202855811345E-04
 -0.1452572745906902E-04
 -0.4074624759982866E-04
 -0.8971055295544849E-05
 -0.8951056104975115E-04
 -0.3927628723250888E-04
 -0.1507849459332121E-04
 -0.1294392146743898E-03
 -0.1774266417362739E-04
 -0.3401915864623013E-04
 -0.1255926203007882E-04
  0.2395480831895822E-03
 -0.2167318429417629E-05
 -0.2189595143397371E-05
 -0.1255921443997926E-04
  0.2302673994072687E-03
  0.2497057279432333E-03
 -0.3646884899219421E-04
Lambda: column 10
  0.5670945001380132E-05
 -0.5139913688487902E-06
  0.2900012162399523E-03
 -0.2768218083943142E-03
 -0.1609880577319696E-03
  0.5532899121188889E-03
 -0.8216393602848693E-04
 -0.2708830101034433E-03
  0.2730888411992761E-03
  0.2779472350605961E-03
 -0.1707182372885740E-03
  0.2436668753548174E-03
  0.1681656126921248E-04
 -0.1727360801751968E-03
  0.1604740951975461E-04
  0.1135209552347122E-05
  0.8159872522385295E-05
  0.5339295148127414E-05
  0.2104122477868852E-04
 -0.9895356952552039E-05
  0.6771292101111788E-06
 -0.1248894833944975E-04
  0.2527844948061389E-04
  0.1074943762562037E-04
  0.7633336656464197E-05
  0.2768202511758830E-03
  0.1851456732021248E-05
  0.1128738242384012E-05
  0.7633308034176509E-05
  0.2823901533197990E-03
  0.2707746215859767E-03
  0.1290989029734983E-04
Lambda: column 11
 -0.5688761925806557E-46
  0.3334875077481082E-46
 -0.2260111155789362E-45
  0.3016816712532428E-45
  0.2277088135194383E-15
 -0.5798092615061358E-45
  0.3454901080965521E-45
  0.2867149806322055E-45
 -0.3200903941279606E-45
 -0.3004431290030672E-45
  0.3273652562789731E-45
 -0.7317117016928618E-46
 -0.1297365676984253E-47
  0.3268691116309316E-45
  0.9764971362275104E-46
  0.2596662260236537E-46
  0.1550700393723641E-45
 -0.1215434116094062E-46
  0.2091976993908324E-45
  0.5998678884766959E-46
  0.6381163307372978E-46
  0.3627202440107267E-45
  0.1468075592679616E-45
  0.1109310354605312E-45
 -0.2659827457969799E-46
 -0.3016914325373448E-45
 -0.4363227024965257E-46
  0.1136529622556551E-47
 -0.2659819240538909E-46
 -0.3172152404280136E-45
 -0.2879206117040603E-45
  0.6570746311202555E-46
Lambda: column 12
  0.1006267136135827E-03
 -0.1466581071354462E-04
  0.9861266216188170E+00
 -0.9859500485821501E+00
 -0.5462824175760493E+00
  0.1971891431251607E+01
 -0.3724476322836732E+00
 -0.9858475074587522E+00
  0.9858872179188456E+00
  0.9859677400443106E+00
 -0.5867172912290858E+00
  0.9853605199542306E+00
  0.6488591192702514E-01
 -0.5893043878649212E+00
  0.2188756298268898E-03
 -0.1327315345258854E-04
  0.6479482618886629E-04
  0.9224241114718429E-04
  0.2097881277690607E-03
 -0.7152586072371198E-01
 -0.2547778640096203E-04
 -0.1326221156958211E+00
  0.7169267909462432E-01
  0.1335361572786068E-03
  0.1327383098311221E-03
  0.9859500212079980E+00
  0.3421142856494024E-04
  0.1774976933345585E-04
  0.1327378136026552E-03
  0.9860464724762970E+00
  0.9858455758989960E+00
  0.1752570372189467E-03
Lambda: column 13
 -0.6779165962581619E-19
  0.3980050897273523E-19
 -0.2570411535334656E-18
  0.3462328417967553E-18
  0.3874040332249742E-18
 -0.6642942707836396E-18
  0.7861066735455789E-11
  0.3287313660964247E-18
 -0.3685932229227281E-18
 -0.3447237438093627E-18
  0.3806859665757475E-18
 -0.7504350658165976E-19
 -0.8199140509260107E-11
  0.3800474126331500E-18
  0.1152527706748101E-18
  0.2883339998492894E-19
  0.1819438396798520E-18
 -0.1416616020499448E-19
  0.2427721656545157E-18
  0.6674953812838409E-11
  0.7407829937048973E-19
  0.4853157027941072E-14
 -0.7080111309236012E-11
  0.1312707484914807E-18
 -0.3130225115409397E-19
 -0.3462447646329665E-18
 -0.5219328421721859E-19
  0.1387907654206623E-20
 -0.3130215482258719E-19
 -0.3644333506224410E-18
 -0.3301927593770348E-18
  0.7724643142169358E-19
Lambda: column 14
 -0.1841088105430329E-42
  0.1077607855489298E-42
 -0.7538655831183311E-42
  0.9989149031009781E-42
  0.7332347485871900E-12
 -0.1921782686895880E-41
  0.1126216479465563E-41
  0.9499700930164664E-42
 -0.1057851100934085E-41
 -0.9949886622630281E-42
  0.1074064886265574E-41
 -0.2578700983811964E-42
 -0.5287203530904455E-44
  0.1072585606328953E-41
  0.3161114514918962E-42
  0.8598629857157045E-43
  0.5037550729748573E-42
 -0.3981213079348560E-43
  0.6818586441734294E-42
  0.1951890223474099E-42
  0.2081892613095797E-42
  0.1179721179124538E-41
  0.4750200762715999E-42
  0.3590605406894432E-42
 -0.8666896464419860E-43
 -0.9989461504094734E-42
 -0.1409151957065794E-42
  0.3597072904616974E-44
 -0.8666869631331204E-43
 -0.1049653476835552E-41
 -0.9538396081466594E-42
  0.2129292335500381E-42
Lambda: column 15
 -0.6375625680465470E-45
  0.3751368694056571E-45
 -0.2557099895259181E-44
  0.3422487305300729E-44
  0.2553222370654655E-14
 -0.6580259450422181E-44
  0.1319190216977006E-37
  0.3255996057771930E-44
 -0.3630338909237790E-44
 -0.3408021024867194E-44
  0.8096175187812663E-41
 -0.8631410324105209E-45
 -0.1455517992076202E-46
  0.8015478694474264E-41
  0.2362518605199001E-38
  0.3029477068572471E-45
  0.1765471936055368E-44
 -0.1350830089711693E-45
  0.2571397873876808E-40
  0.6833783694412638E-45
  0.7284459426694609E-45
  0.1206263649053178E-38
  0.1667432015475807E-44
  0.1260949032853908E-44
 -0.2967757909921705E-45
 -0.3422597198455784E-44
 -0.4896673319074123E-45
  0.1332184339117873E-46
 -0.2967748755464461E-45
 -0.3595482058172520E-44
 -0.3269547677557445E-44
  0.7532732614458520E-45
Lambda: column 16
 -0.4844866801565000E-01
  0.2835436311225947E-01
  0.2279915903679573E+00
  0.2613709127715604E+00
  0.5896505891353316E+00
 -0.5027250320699498E+00
  0.1023533841861358E+01
  0.2485190813332596E+00
 -0.2769148387495609E+00
 -0.2603387679814452E+00
  0.6089544029060844E+00
 -0.6649818524348031E-01
  0.9888943119076203E-01
  0.6027455900100134E+00
  0.5893126590774707E+00
  0.4242358170711002E+00
  0.8821145132459973E+00
 -0.1044603395426779E-01
  0.1771236099418265E+01
  0.1923358484557257E+00
  0.4640438305868784E+00
  0.1835947831691379E+01
  0.8186073236788124E+00
  0.5194980734829082E+00
 -0.2276990884075938E-01
 -0.2613792164317508E+00
 -0.3710083664526512E-01
  0.9464329161436002E-03
 -0.2276983890338630E-01
 -0.2746946742855264E+00
 -0.2495426090673487E+00
  0.4739681574858308E+00
Lambda: column 17
 -0.2285213859657100E-55
  0.1312003164081637E-55
 -0.9461115531461997E-55
  0.1240528691245174E-54
  0.1345532749470782E-54
 -0.2388553657755189E-54
  0.1371230871885694E-54
  0.1175845997447890E-54
 -0.1308780497439879E-54
 -0.1236780493145967E-54
  0.1327615455287286E-54
 -0.3129677051328685E-55
 -0.8874672613355648E-57
  0.1327021355912917E-54
  0.3773170839587610E-55
  0.1047779385565509E-55
  0.1740325784817998E-14
 -0.5294820761407632E-56
  0.8205524158417702E-55
  0.2353734805786392E-55
  0.2535872905836235E-55
  0.1886144010530056E-14
  0.5737192170340788E-55
  0.4338153662822940E-55
 -0.1118208045123084E-55
 -0.1240566598473136E-54
 -0.1727795322812022E-55
  0.3341687898969084E-57
 -0.1118208100018631E-55
 -0.1306952338766637E-54
 -0.1180580046326907E-54
  0.2539927252588950E-55
Lambda: column 18
  0.2884622046797169E-04
 -0.8376468285403079E-05
  0.1152805579447324E-03
 -0.1152126374092852E-03
 -0.1505571632429781E-03
  0.2258374264615885E-03
 -0.5870335531708849E-04
 -0.8915623086712736E-04
  0.1013013891100833E-03
  0.1185323313963060E-03
 -0.1485870985202384E-03
 -0.5030123720129606E-04
 -0.1038762375317795E-04
 -0.1522631617728641E-03
  0.3316707060969352E-06
 -0.4253561583548354E-04
 -0.6746101923879363E-04
  0.2341789719821577E-04
 -0.1137696022009365E-03
  0.1294036589035705E-04
 -0.4995952194682893E-04
 -0.1182197854579408E-03
 -0.6415853713918375E-04
 -0.1369180962121116E-04
  0.3456939533520683E-04
  0.1152059467610544E-03
  0.1155332079379374E-04
  0.3338856309485528E-05
  0.3456926768799824E-04
  0.1399444010963929E-03
  0.8868955423936891E-04
  0.2409465090890696E-06
Lambda: column 19
 -0.8914887552027651E-43
  0.5217160247701085E-43
 -0.3646999858752526E-42
  0.4832522147669936E-42
  0.3550492221698805E-12
 -0.9296850134301963E-42
  0.5452433237927314E-42
  0.4595461588418097E-42
 -0.5117827644127981E-42
 -0.4813544662665416E-42
  0.5197421696116678E-42
 -0.1244195040296489E-42
 -0.2549282796332107E-44
  0.5190294346274420E-42
  0.1529394061664723E-42
  0.4155831153165167E-43
  0.2437550844385225E-42
 -0.1928325313058175E-43
  0.3298177536522020E-42
  0.9443534771313200E-43
  0.1007237467936796E-42
  0.5708219811407913E-42
  0.2298884973567701E-42
  0.1737565009729484E-42
 -0.4197297722804012E-43
 -0.4832673433853767E-42
 -0.6823058849511150E-43
  0.1738363056889381E-44
 -0.4197284727090253E-43
 -0.5078260392318166E-42
 -0.4614197138081053E-42
  0.1030014202855521E-42
Lambda: column 20
 -0.1072181536275390E-10
  0.6281157062514443E-11
 -0.4328393582522957E-10
  0.5759842554305605E-10
  0.6314615664639381E-10
 -0.1107642188513591E-09
  0.1225754748538693E-02
  0.5475827348118428E-10
 -0.6104332305708817E-10
 -0.5736738652683610E-10
  0.6222273986988866E-10
 -0.1447239649397911E-10
 -0.1278469670048330E-02
  0.6213216032471828E-10
  0.1846376295834611E-10
  0.5013772063929023E-11
  0.2938456998597455E-10
 -0.2308621963631072E-11
  0.3979319797586186E-10
  0.1040807386004499E-02
  0.1213731049993161E-10
  0.7567419850578543E-06
 -0.1103982490940745E-02
  0.2095614961558014E-10
 -0.5035547251526039E-11
 -0.5760025855329888E-10
 -0.8212262258682684E-11
  0.2120223690584474E-12
 -0.5035531672942031E-11
 -0.6054385071972895E-10
 -0.5498438176349001E-10
  0.1244135136474983E-10
Lambda: column 21
  0.8299541751600463E-04
 -0.4182111451192841E-04
  0.1703301959587117E-02
 -0.1914044174207509E-02
 -0.1460242597131679E-02
  0.3806184165142145E-02
 -0.1073061532546211E-02
 -0.1852333540158379E-02
  0.1890256437386426E-02
  0.1916183843363435E-02
 -0.1525066149074442E-02
  0.1449255271006501E-02
 -0.6720281299773051E-04
 -0.1529753908279201E-02
 -0.2559539908777931E-03
 -0.2764712380936969E-03
 -0.5402606230581463E-03
  0.5540692473654782E-04
 -0.1028622554077712E-02
 -0.8717074792643123E-04
 -0.3138448747478670E-03
 -0.1279992737478736E-02
 -0.4754232816836734E-03
 -0.2550187338281321E-03
  0.8577879880397592E-04
  0.1914029098360422E-02
  0.4010215336186569E-04
  0.2203060207006683E-05
  0.8577848909554043E-04
  0.1973695935792319E-02
  0.1851289001192770E-02
 -0.2058673893166751E-03
Lambda: column 22
  0.0000000000000000E+00
  0.0000000000000000E+00
  0.0000000000000000E+00
  0.0000000000000000E+00
  0.0000000000000000E+00
  0.0000000000000000E+00
  0.0000000000000000E+00
  0.0000000000000000E+00
  0.0000000000000000E+00
  0.0000000000000000E+00
  0.0000000000000000E+00
  0.0000000000000000E+00
  0.0000000000000000E+00
  0.0000000000000000E+00
  0.0000000000000000E+00
  0.0000000000000000E+00
  0.0000000000000000E+00
  0.0000000000000000E+00
  0.0000000000000000E+00
  0.0000000000000000E+00
  0.0000000000000000E+00
  0.3204239440192847-185
  0.0000000000000000E+00
  0.0000000000000000E+00
  0.0000000000000000E+00
  0.0000000000000000E+00
  0.0000000000000000E+00
  0.0000000000000000E+00
  0.0000000000000000E+00
  0.0000000000000000E+00
  0.0000000000000000E+00
  0.0000000000000000E+00
Lambda: column 23
  0.0000000000000000E+00
  0.0000000000000000E+00
  0.0000000000000000E+00
  0.0000000000000000E+00
  0.0000000000000000E+00
  0.0000000000000000E+00
  0.0000000000000000E+00
  0.0000000000000000E+00
  0.0000000000000000E+00
  0.0000000000000000E+00
  0.0000000000000000E+00
  0.0000000000000000E+00
  0.0000000000000000E+00
  0.0000000000000000E+00
  0.0000000000000000E+00
  0.0000000000000000E+00
  0.0000000000000000E+00
  0.0000000000000000E+00
  0.0000000000000000E+00
  0.0000000000000000E+00
  0.0000000000000000E+00
  0.6153055556018237E-58
  0.1244214988741508E-53
  0.0000000000000000E+00
  0.0000000000000000E+00
  0.0000000000000000E+00
  0.0000000000000000E+00
  0.0000000000000000E+00
  0.0000000000000000E+00
  0.0000000000000000E+00
  0.0000000000000000E+00
  0.0000000000000000E+00
Lambda: column 24
 -0.3551243967470732E-12
  0.2080450852326707E-12
 -0.1433069909401987E-11
  0.1907140569258271E-11
  0.2091665977047290E-11
 -0.3667459737575652E-11
  0.4060316183554175E-04
  0.1813086948527111E-11
 -0.2021262852468981E-11
 -0.1899486578038827E-11
  0.2060477488516617E-11
 -0.4787909122623991E-12
 -0.4234934515026464E-04
  0.2057475234793138E-11
  0.6114949154851981E-12
  0.1659577403222238E-12
  0.9734905765492778E-12
 -0.7644938448082308E-13
  0.1317687491446996E-11
  0.3447677505176997E-04
  0.4019086109249619E-12
  0.2506710018028275E-07
 -0.3656945224767989E-04
  0.6940566131945085E-12
 -0.1667657245312005E-12
 -0.1907201294174485E-11
 -0.2720138406995469E-12
  0.7024092140021583E-14
 -0.1667652086232933E-12
 -0.2004682226510986E-11
 -0.1820577232719325E-11
  0.4120253426006372E-12
Lambda: column 25
  0.7979891550791302E-01
 -0.1403829228183985E-01
  0.1576432256947269E+01
 -0.1453536502649205E+01
 -0.9600095933416878E+00
  0.2899081595066691E+01
 -0.3648744792630454E+00
 -0.1373805115710024E+01
  0.1405641445552837E+01
  0.1466565796605630E+01
 -0.9977603603041918E+00
  0.9867953259043593E+00
  0.7499732444025312E-01
 -0.1016227861528908E+01
  0.1497230978625890E+00
 -0.2901774979370594E-01
  0.1188396926870990E-01
  0.7172871487750451E-01
  0.8860531186408524E-01
  0.1594687541365009E-02
 -0.4071822823077646E-01
 -0.6232805580559828E-01
  0.9347376878657403E-01
  0.8725706290761610E-01
  0.1036634394293399E+00
  0.1453515189387301E+01
  0.2793292205275685E-01
  0.1307615536016173E-01
  0.1036630526877879E+00
  0.1528648368374423E+01
  0.1372297181997207E+01
  0.1203923887339355E+00
Lambda: column 26
 -0.2689864209312265E-05
 -0.1312588692682673E-05
  0.1277956608638610E-01
 -0.1280068686349200E-01
 -0.7098260137924617E-02
  0.2560080621177922E-01
 -0.4843045041211630E-02
 -0.1280455625630355E-01
  0.1280374066187747E-01
  0.1279950559045554E-01
 -0.7624966077384204E-02
  0.1281700701531735E-01
  0.8021590000081880E-03
 -0.7656829260845761E-02
 -0.2643569819764740E-04
 -0.1280662674035440E-04
 -0.3102755251209007E-04
 -0.3477401399568692E-05
 -0.6440275779971027E-04
 -0.9108943983087490E-03
 -0.1391594326853816E-04
 -0.1793289759729076E-02
  0.8706966248846233E-03
 -0.2057303738161256E-04
 -0.4688136766981841E-05
  0.1280068787917875E-01
 -0.3429187794610825E-06
 -0.1182378024855176E-05
 -0.4688118678742375E-05
  0.1279713986677985E-01
  0.1280462517947532E-01
 -0.2112188444871024E-04
Lambda: column 27
  0.6992305784530862E-06
 -0.3475298703364352E-06
  0.1481545783015620E-04
 -0.1669740873441722E-04
 -0.1266523999072412E-04
  0.3321016743336724E-04
 -0.1036867701473905E-04
 -0.1618334270620271E-04
  0.1650464390321778E-04
  0.1671715173682325E-04
 -0.1323911279629006E-04
  0.1281299581636846E-04
  0.4306880624904257E-06
 -0.1328067244444307E-04
 -0.2277874338918873E-05
 -0.2394127350923643E-05
 -0.4690454274614855E-05
  0.4610692061248312E-06
 -0.8961454948048245E-05
 -0.1613268839719979E-05
 -0.2711386760924530E-05
 -0.1116517041804399E-04
 -0.3258323025637972E-05
 -0.2253587954444856E-05
  0.7150693984863418E-06
  0.1669728813954650E-04
  0.3416742963959788E-06
  0.2029670610980377E-07
  0.7150668193656448E-06
  0.1719425265591817E-04
  0.1617519308973616E-04
 -0.1833190986283332E-05
Lambda: column 28
  0.2112539892792255E-04
 -0.1831828219999826E-05
  0.2650248310525458E-03
 -0.2151744374193769E-03
 -0.1471058758128025E-03
  0.4290701361584418E-03
  0.1634635319885743E-05
 -0.1929962480345370E-03
  0.2012014181360593E-03
  0.2194013252867025E-03
 -0.1498295755898445E-03
  0.9163799069920384E-04
  0.1149498015379568E-04
 -0.1552667447389612E-03
  0.6074444684215208E-04
  0.4870175247302963E-05
  0.3181177095965287E-04
  0.1993924068559820E-04
  0.8121062448104255E-04
  0.2082860770443025E-04
  0.3233624320939215E-05
  0.6638271952367110E-04
  0.3819735734873928E-04
  0.4083261038668262E-04
  0.2849126637310562E-04
  0.2151686225711037E-03
  0.6869180760197869E-05
  0.4239201822301799E-05
  0.2849115951427221E-04
  0.2359648712934092E-03
  0.1925916295211121E-03
  0.4885875633237278E-04
Lambda: column 29
  0.4085400644693658E-09
 -0.7239804316410397E-10
  0.9681810120955295E-08
 -0.9058808835596555E-08
 -0.5815143296259674E-08
  0.1807644412458076E-07
 -0.2486966040044768E-08
 -0.8651014888421204E-08
  0.8814095054392966E-08
  0.9125293119777590E-08
 -0.6074973973335424E-08
  0.6669633046419832E-08
  0.4846917969822067E-09
 -0.6173432546538606E-08
  0.7589335667100057E-09
 -0.1532115137838234E-09
  0.5045245616116732E-10
  0.3668619198400314E-09
  0.4326197146334191E-09
 -0.1084002075464218E-09
 -0.2135942327649638E-09
 -0.5588122552982815E-09
  0.5826836587969831E-09
  0.4403829111242386E-09
  0.5303031227765692E-09
  0.9058699848717792E-08
  0.1432136319635382E-09
  0.6672445605051061E-10
  0.5303011445481921E-09
  0.9443005097446712E-08
  0.8643304169080483E-08
  0.6102730485239789E-09
Lambda: column 30
  0.1215868226403886E-05
 -0.3948906949148540E-06
  0.4226310134181719E-04
 -0.4279698447991475E-04
 -0.2773664977463937E-04
  0.8537947306589959E-04
 -0.1798710638482149E-04
 -0.4173219357373066E-04
  0.4225175103272336E-04
  0.4291934857818831E-04
 -0.2922507909919046E-04
  0.3585555883476055E-04
  0.2115911161122090E-05
 -0.2945468244941102E-04
 -0.6375421650002008E-06
 -0.2181367495374285E-05
 -0.3714850103706232E-05
  0.9567241620213656E-06
 -0.6564187286939414E-05
 -0.2573527218286415E-05
 -0.2533646566239027E-05
 -0.1192911139582899E-04
 -0.6144731329103670E-06
 -0.1124799635285116E-05
  0.1422171591480520E-05
  0.4279671407754506E-04
  0.5044870900039858E-06
  0.1231963698459383E-06
  0.1422166357633143E-05
  0.4381021655599800E-04
  0.4171339703800930E-04
 -0.5139990816205644E-06
Lambda: column 31
 -0.9731694817490490E-04
  0.1763166928683772E-04
  0.4954074159492849E-03
 -0.6338522188473482E-03
 -0.1549603978033846E-03
  0.1277783463085360E-02
 -0.4394559435081258E-03
 -0.7303907677365903E-03
  0.6913928017596861E-03
  0.6181864153931469E-03
 -0.2073255846633708E-03
  0.1201581052154761E-02
  0.6452749334134803E-04
 -0.1914290168793017E-03
 -0.1689086856733938E-03
  0.4337744007748872E-04
  0.3198782105394115E-05
 -0.8683154838534253E-04
 -0.7176741988631947E-04
 -0.1683499932814199E-03
  0.5833234396188660E-04
 -0.2108338119314006E-03
  0.7359824533787668E-04
 -0.9484062093207135E-04
 -0.1256495208076479E-03
  0.6338778398476654E-03
 -0.3445150177988211E-04
 -0.1572391672182405E-04
 -0.1256490523464198E-03
  0.5428767973267815E-03
  0.7321968508180024E-03
 -0.1357907540514422E-03
Lambda: column 32
 -0.9319638319227291E-14
  0.5547853140806282E-14
  0.1774030618601335E-07
  0.4409533685180032E-13
  0.4798392841376614E-08
 -0.8415063247605735E-13
  0.1198614939579101E-05
  0.4227761297298705E-13
 -0.4790696729669904E-13
 -0.4384039626042705E-13
  0.3109294970930037E-08
 -0.8779989560725328E-14
 -0.1224606459087107E-05
  0.3056508565337902E-08
  0.1522669547072978E-07
  0.3282293307514011E-14
  0.5025029524307364E-08
 -0.1391081030800569E-14
  0.1459047131144128E-07
  0.1005210890758394E-05
  0.9794846980359676E-14
  0.1805699197847047E-07
 -0.1048931161138811E-05
  0.1575720616844227E-07
 -0.3633634013734519E-14
 -0.4409741073465212E-13
 -0.7511038901084174E-14
  0.2370404194049907E-15
 -0.3633623524352811E-14
 -0.4606489650484968E-13
 -0.4252055538892182E-13
  0.1352013945198885E-07
Mu: column  1
 -0.2556179382837800E+06
 -0.1069970200963304E+09
 -0.2857155783825381E+18
 -0.2046643306685718E+29
  0.2913433137588916E+07
 -0.4649207383891527E+08
 -0.4553310937169095E+10
 -0.3070896081977903E+08
 -0.5185622119992661E+11
  0.1110504364136771E+02
 -0.2929942122227904E-05
 -0.7805945792446073E+00
 -0.6490597533973416E+01
 -0.1292786706428222E-14
 -0.3462327045520862E-03
  0.0000000000000000E+00
  0.3457456054014218E-24
 -0.6667506578154702E-36
  0.7761099044903527E-23
 -0.1443986067323235E-22
 -0.8349892881363363E-28
  0.6840477548852564E-26
  0.5531562535751509E-27
  0.0000000000000000E+00
  0.0000000000000000E+00
  0.0000000000000000E+00
  0.0000000000000000E+00
  0.1481841629221531E+09
 -0.6435791351257486E-02
Mu: column  2
 -0.1576500610477411E+19
  0.1172408677887307E+21
  0.7466681973382128E+30
  0.1855413784807975E+42
 -0.2292285428540484E+20
 -0.1558728091753285E+21
  0.2044656267324585E+24
 -0.2104732507607360E+21
 -0.4238808564834557E+24
  0.5513946933625448E+14
 -0.2601588699303762E+08
 -0.8408217764213635E+13
 -0.1508045310204267E+15
  0.3307465410496627E-02
 -0.2691413437558969E+09
  0.0000000000000000E+00
  0.2855875780864123E-11
 -0.5508461630873361E-23
  0.4221774612377004E-10
 -0.7904835829138344E-10
 -0.2177187689839773E-14
  0.1529321083031606E-11
 -0.1807017733533328E-13
  0.0000000000000000E+00
  0.0000000000000000E+00
  0.0000000000000000E+00
  0.0000000000000000E+00
  0.1056637808281177E+22
 -0.5461105143232830E+12
Mu: column  3
 -0.4774333454679249E+07
 -0.2241052433425698E+11
 -0.2602888997829885E+20
 -0.2916060562067265E+32
  0.4401036821991662E+10
  0.1792783330696827E+12
  0.1229792252008651E+14
  0.5313033117354060E+11
 -0.1772840504518037E+15
 -0.1225123009634602E+13
 -0.2100106184442183E+05
 -0.2672617213529911E+12
 -0.1767162767117591E+14
  0.1432603750771782E-02
  0.2113861469395791E+08
  0.0000000000000000E+00
  0.1413692911326409E-15
 -0.2729758889157500E-27
  0.9626201547933650E-15
 -0.2010261214446309E-14
  0.2845720344953895E-23
 -0.3720013950869657E-15
 -0.6630717627736739E-17
  0.0000000000000000E+00
  0.0000000000000000E+00
  0.0000000000000000E+00
  0.0000000000000000E+00
  0.1508973668874103E+11
  0.1314685827818254E+03
Mu: column  4
  0.1120987703415779E-25
 -0.8820816486695731E-23
  0.3930136846822106E-13
 -0.1397211648785304E-01
  0.1660689710829889E-23
  0.2328324914401046E-22
  0.5134960791039886E-20
  0.1969192706428117E-22
 -0.1690336770602155E-20
 -0.6104794726184229E-29
  0.2152244465904920E-36
 -0.1195402315745107E-30
  0.6078851686582690E-30
  0.1820574172578266E-45
  0.6816238544059013E-34
  0.0000000000000000E+00
 -0.9750385468708723E-25
  0.1859680239555770E-36
 -0.1835109629702068E-23
  0.2124503304004423E-23
 -0.1809292108345532E-22
  0.6624794486366551E-55
  0.9351464026256290E-58
  0.0000000000000000E+00
  0.0000000000000000E+00
  0.0000000000000000E+00
  0.0000000000000000E+00
 -0.4404960746779195E-23
  0.3802222377408381E-31
Mu: column  5
  0.1778006225646980E-22
 -0.1355461244488978E-19
  0.5665468229190979E-10
 -0.2169707742566781E+02
  0.2594747193453464E-20
  0.3617751104693811E-19
  0.7802462116697736E-17
  0.3029480972515357E-19
 -0.2332624516702912E-17
 -0.9134473059947290E-26
  0.3323479389370885E-33
 -0.1762197329520087E-27
  0.8773554287088881E-27
  0.2642623997056116E-42
  0.9998321535854427E-31
  0.0000000000000000E+00
 -0.6625146977446137E-52
  0.1279551108373507E-63
 -0.2770977965517555E-50
  0.5295829794723344E-50
  0.1303521735594143E-53
  0.9928544894527542E-52
  0.1214821260716671E-54
  0.0000000000000000E+00
  0.0000000000000000E+00
  0.0000000000000000E+00
  0.0000000000000000E+00
 -0.7130517512152580E-20
  0.5654576115801828E-28
Mu: column  6
 -0.8280345801130992E+14
  0.1386027852570727E+17
 -0.1207900142910892E+28
  0.2143754942315643E+38
 -0.3278076836032505E+16
 -0.4937080598883794E+17
 -0.6933601422205503E+19
 -0.4242914333619238E+17
 -0.1879907323943748E+20
  0.3665590232562238E+10
 -0.8634507752649988E+03
 -0.2175616399951932E+09
 -0.6936974940461236E+09
 -0.1431899082163708E-05
 -0.3654352279493631E+06
  0.0000000000000000E+00
  0.2530434970506701E-15
 -0.4879573136566374E-27
  0.5670182026737259E-14
 -0.1052868786228455E-13
 -0.5718787013972941E-19
 -0.3253488024740625E-16
  0.6768632818616191E-18
  0.0000000000000000E+00
  0.0000000000000000E+00
  0.0000000000000000E+00
  0.0000000000000000E+00
  0.4822746565631030E+17
  0.3856152545438942E+07
Mu: column  7
  0.0000000000000000E+00
  0.0000000000000000E+00
  0.0000000000000000E+00
  0.0000000000000000E+00
  0.0000000000000000E+00
  0.0000000000000000E+00
  0.0000000000000000E+00
  0.0000000000000000E+00
  0.0000000000000000E+00
  0.0000000000000000E+00
  0.0000000000000000E+00
  0.0000000000000000E+00
  0.0000000000000000E+00
  0.0000000000000000E+00
  0.0000000000000000E+00
  0.0000000000000000E+00
  0.0000000000000000E+00
  0.0000000000000000E+00
  0.0000000000000000E+00
  0.0000000000000000E+00
  0.0000000000000000E+00
  0.0000000000000000E+00
  0.0000000000000000E+00
  0.0000000000000000E+00
  0.0000000000000000E+00
  0.0000000000000000E+00
  0.0000000000000000E+00
  0.0000000000000000E+00
  0.0000000000000000E+00
Mu: column  8
  0.4411208306027282E+05
 -0.1916767891612596E+09
  0.8821778387673921E+18
 -0.2988059577745755E+30
  0.3515530607052342E+08
  0.4518992139407741E+09
  0.1102262440856320E+12
  0.3901037930759104E+09
 -0.7581369773477608E+11
 -0.1354591893153310E+03
  0.2914312619408303E-05
 -0.3317189534949607E+01
 -0.1617337883966087E+12
  0.1797693864878273E-04
  0.2606836723224678E+06
  0.0000000000000000E+00
 -0.1005704134291822E-23
  0.1942527734458011E-35
 -0.4133446850029824E-22
  0.7913041784459663E-22
  0.2072906083040148E-25
  0.1527707015396995E-23
  0.3405967975422463E-26
  0.0000000000000000E+00
  0.0000000000000000E+00
  0.0000000000000000E+00
  0.0000000000000000E+00
  0.3583189819316854E+08
 -0.3419774045076904E+11
Mu: column  9
  0.2361614968728952E+16
  0.5362972983321070E+18
 -0.4385058276437462E+28
  0.1519350924255057E+42
 -0.8908087931190587E+19
 -0.1791381542303931E+21
 -0.1111690193692279E+21
 -0.4693162526594614E+18
  0.2881369858497086E+21
 -0.6929058643088971E+11
  0.2031086853844760E+05
  0.5250389308809197E+10
  0.9386960973538924E+11
 -0.1451133577619036E-04
 -0.3030168620924443E+07
  0.0000000000000000E+00
  0.4803402516075191E-15
 -0.9258074354082447E-27
  0.1386424616661609E-13
 -0.2536756164515325E-13
 -0.1936371181792275E-18
 -0.9291004038524785E-15
  0.9247302715545295E-17
  0.0000000000000000E+00
  0.0000000000000000E+00
  0.0000000000000000E+00
  0.0000000000000000E+00
 -0.1733333823746343E+19
  0.2989893480172167E+09
Mu: column 10
 -0.1052438950870357E+16
  0.2172133454139370E+18
 -0.3826187274010667E+28
  0.3349601785142331E+39
 -0.4984773362844066E+17
 -0.6222509325825434E+18
  0.7253191729186685E+19
 -0.4721667907122787E+18
 -0.2516561754788069E+21
  0.3799895564278894E+11
 -0.1227180803394743E+05
 -0.4200597071562499E+10
 -0.4269925431045689E+11
 -0.1420560803382644E-04
 -0.3639964358912849E+07
  0.0000000000000000E+00
  0.3191298621480213E-14
 -0.6154147178216704E-26
  0.6319369140089891E-13
 -0.1174013586388321E-12
 -0.3002202478778753E-18
  0.1869156988411156E-15
 -0.1600197284530134E-18
  0.0000000000000000E+00
  0.0000000000000000E+00
  0.0000000000000000E+00
  0.0000000000000000E+00
  0.6226844419326031E+18
  0.4211987503392857E+08
Mu: column 11
  0.5410294527473064E-27
 -0.4187906418582782E-24
  0.1738556640176281E-14
 -0.6661105230095285E-03
  0.7903884510251818E-25
  0.1112581533364523E-23
  0.2442884813419260E-21
  0.9371767752744868E-24
 -0.8080028936871455E-22
 -0.2910101524385812E-30
  0.1031690103428913E-37
 -0.5702577153363645E-32
  0.2886460650677629E-31
  0.8228949259989344E-47
  0.3138224029680476E-35
  0.0000000000000000E+00
 -0.7634523379794944E-26
 -0.2852237694889346E-35
 -0.8778030473925598E-55
  0.1678188226722499E-54
  0.4175218573637134E-58
  0.3151099537186533E-56
  0.4451246770581361E-59
  0.0000000000000000E+00
  0.0000000000000000E+00
  0.0000000000000000E+00
  0.0000000000000000E+00
 -0.2148189396601090E-24
  0.1814496901339284E-32
Mu: column 12
 -0.2210371621668782E+17
 -0.1719372065308426E+19
  0.2104327218045028E+30
 -0.1498962659155932E+42
  0.8891881451776602E+19
  0.1700445104008368E+21
 -0.1365551734492585E+21
 -0.1786341418798000E+19
 -0.5841590450262224E+21
  0.2345241942262828E+13
 -0.1845277053804562E+06
  0.2641590127418910E+12
  0.1212600403497388E+14
 -0.5274676470283494E-01
 -0.1261452285208424E+11
  0.0000000000000000E+00
  0.9134137082848462E-11
 -0.1761384070583670E-22
  0.1737028612976296E-09
 -0.3221297205252942E-09
 -0.5355242782076187E-17
  0.2148362813164839E-14
  0.3113421793941417E-16
  0.0000000000000000E+00
  0.0000000000000000E+00
  0.0000000000000000E+00
  0.0000000000000000E+00
  0.1527554832993854E+20
 -0.4219527196060242E+11
Mu: column 13
  0.5579653844148379E+00
 -0.4521272352566563E+03
  0.1834967934589007E+13
 -0.7045710188081928E+24
  0.8145730873769836E+02
  0.1183979767161715E+04
  0.2748216716994001E+06
  0.1016274258728442E+04
 -0.1167988228228111E+06
 -0.3443463925101763E-03
  0.1132519557320617E-10
 -0.7035122487076035E-05
 -0.3925505431721621E+06
  0.3088905093719456E-10
  0.4336101262272754E+00
  0.0000000000000000E+00
 -0.2454252856922862E-29
  0.4740366584106210E-41
 -0.1021957059218124E-27
  0.1955623185239882E-27
  0.5013555460684627E-31
  0.3688053805568336E-29
  0.7188803972716182E-32
  0.0000000000000000E+00
  0.0000000000000000E+00
  0.0000000000000000E+00
  0.0000000000000000E+00
 -0.2146557268816788E+03
  0.2189900901276596E-05
Mu: column 14
  0.1885004551419059E-23
 -0.1394572625837165E-20
  0.5916387093708346E-11
 -0.2230336295886096E+01
  0.2665822158254237E-21
  0.3735060302191660E-20
  0.8055483766813778E-18
  0.3130077982003246E-20
 -0.2309769707986695E-18
 -0.9448527521385537E-27
  0.3479361608489002E-34
 -0.1807222439828529E-28
  0.9186277631384893E-28
  0.2783705078690358E-43
  0.1046435897816199E-31
  0.0000000000000000E+00
 -0.1494065641494063E-22
  0.2849614584200957E-34
 -0.7054285287388044E-21
 -0.6461751171771319E-21
  0.1345854030532135E-54
  0.1024458471205487E-52
  0.1251703943069450E-55
  0.0000000000000000E+00
  0.0000000000000000E+00
  0.0000000000000000E+00
  0.0000000000000000E+00
 -0.7688469725884289E-21
  0.5841278956618785E-29
Mu: column 15
  0.5872458660001376E-26
 -0.5049426109863705E-23
  0.2013431328545790E-13
 -0.8052787707021149E-02
  0.9684212660089543E-24
  0.1317894447864323E-22
  0.2831569649015035E-20
  0.1103735949013198E-22
 -0.9487592727223512E-21
 -0.3263504682518053E-29
  0.1130331869808828E-36
 -0.6537286037882401E-31
  0.2910482199096694E-30
  0.9403105201041781E-46
  0.3567595115995257E-34
  0.0000000000000000E+00
  0.1550073529998287E-24
 -0.3000382170530937E-36
  0.8306649376356435E-24
 -0.2226059408514083E-23
  0.4686292056519045E-57
 -0.5237287430854181E-23
 -0.8964370904695483E-23
  0.0000000000000000E+00
  0.0000000000000000E+00
  0.0000000000000000E+00
  0.0000000000000000E+00
 -0.2253432242178780E-23
  0.2030601213002419E-31
Mu: column 16
  0.4914304854784349E+18
 -0.3727593140396611E+21
  0.1571830084613232E+31
 -0.5980639335105586E+42
  0.7174037747072723E+20
  0.9968895851068402E+21
 -0.5366008324399431E+25
  0.1909726701426937E+22
 -0.8257515998606550E+23
 -0.3189826059166551E+15
  0.1321655210192604E+08
 -0.2312404303314352E+14
 -0.1484624910440909E+15
 -0.8551712721073779E-01
  0.1360484014997032E+10
  0.0000000000000000E+00
  0.1940233208602457E-10
 -0.3741595033722861E-22
  0.6820225849642021E-10
 -0.1246605374759453E-09
  0.3546442119162688E-13
  0.2018162484105091E-10
 -0.2992181416922652E-12
  0.0000000000000000E+00
  0.0000000000000000E+00
  0.0000000000000000E+00
  0.0000000000000000E+00
 -0.1978649618593981E+21
  0.1536838186941051E+13
Mu: column 17
  0.2409217300458552E-36
 -0.1682805161192354E-33
  0.7283941098657225E-24
 -0.2700198797084584E-12
  0.3231052874802080E-34
  0.4550727065407086E-33
  0.9815865062536703E-31
  0.3817901201093885E-33
 -0.2569936057884825E-31
 -0.1162378563093537E-39
  0.4694482354326202E-47
 -0.2156125030939180E-41
  0.1109976412786817E-40
  0.3460749218798612E-56
  0.1298072030072428E-44
  0.0000000000000000E+00
 -0.9057958968662234E-66
  0.1749221729633701E-77
 -0.3654993720722039E-64
  0.6978186149371268E-64
  0.1663871203674677E-67
  0.1219277263346380E-65
  0.1250733862884974E-68
  0.0000000000000000E+00
  0.0000000000000000E+00
  0.0000000000000000E+00
  0.0000000000000000E+00
 -0.9914355881684311E-34
  0.7343879104695270E-42
Mu: column 18
 -0.5461992518476724E+16
  0.6142844627530228E+18
 -0.7903522345504380E+27
  0.1157134737297747E+40
 -0.1541619640214531E+18
 -0.2941793395514597E+19
 -0.3436842328016450E+21
 -0.2221144087387089E+19
 -0.8677263613267855E+21
  0.2382232716779494E+12
 -0.5414421244900286E+05
 -0.1188032910876409E+11
 -0.2308562844372606E+12
  0.1468654751180450E-04
 -0.1430040811839183E+07
  0.0000000000000000E+00
  0.1257724536976454E-14
 -0.2425501432660450E-26
  0.6963437470105032E-13
 -0.1299936173193154E-12
 -0.3096028523798256E-17
 -0.1470747056600227E-14
  0.3417451468407134E-16
  0.0000000000000000E+00
  0.0000000000000000E+00
  0.0000000000000000E+00
  0.0000000000000000E+00
 -0.6065452042903484E+20
 -0.2392088029363232E+09
Mu: column 19
  0.9135933085104566E-24
 -0.6731661935501479E-21
  0.2856854620967993E-11
 -0.1076436762769035E+01
  0.1285751176764358E-21
  0.1804237109203243E-20
  0.3894482493387076E-18
  0.1512233869886199E-20
 -0.1117189159240010E-18
 -0.4574974787816175E-27
  0.1685892729572229E-34
 -0.8744934086974237E-29
  0.4469762274730499E-28
  0.1345520986811060E-43
  0.5061369944526344E-32
  0.0000000000000000E+00
  0.2158793468039173E-22
 -0.4178849665164870E-34
  0.1148814352026955E-21
 -0.3089432491736567E-21
  0.6516625127885093E-55
 -0.7295708731945690E-21
  0.6117116597837569E-56
  0.0000000000000000E+00
  0.0000000000000000E+00
  0.0000000000000000E+00
  0.0000000000000000E+00
 -0.3733324559977042E-21
  0.2829045348955716E-29
Mu: column 20
  0.1070234988923074E+09
 -0.8158927913740198E+11
  0.3409998820270202E+21
 -0.1306016029080890E+33
  0.1561860482119680E+11
  0.2177597932799132E+12
  0.4696535977311072E+14
  0.1823536585618882E+12
 -0.1404251655122816E+14
 -0.5498144637315819E+05
  0.2000332286870634E-02
 -0.1060718026825565E+04
 -0.7164080660734861E+14
  0.7069872583634995E-02
  0.1028711272726477E+09
  0.0000000000000000E+00
 -0.3987462233977315E-21
  0.7701206479591001E-33
 -0.1667812934115440E-19
  0.3187494300350342E-19
  0.7845956416436595E-23
  0.5976242995801630E-21
  0.7312493394532995E-24
  0.0000000000000000E+00
  0.0000000000000000E+00
  0.0000000000000000E+00
  0.0000000000000000E+00
 -0.4292068197877674E+11
  0.3403489084938708E+03
Mu: column 21
 -0.1052787603496504E+17
  0.5795824401155654E+19
 -0.2901039961471611E+29
  0.1072180695787863E+41
 -0.1497327327447087E+19
 -0.1745728167924070E+20
 -0.2212003098473283E+22
 -0.2600153552886395E+22
 -0.4859558709096339E+22
  0.4367029172816381E+12
 -0.1359027506298788E+06
 -0.6802080479083985E+11
 -0.3956696860479427E+13
  0.2504154058777231E-03
 -0.2016368362612902E+08
  0.0000000000000000E+00
  0.8710117980403707E-14
 -0.1679420013953243E-25
  0.4009817605290667E-12
 -0.7455215145569759E-12
 -0.1435699239388045E-16
 -0.1207923610376980E-13
  0.2074024172375116E-15
  0.0000000000000000E+00
  0.0000000000000000E+00
  0.0000000000000000E+00
  0.0000000000000000E+00
  0.5066537677380927E+19
  0.7651712722447532E+09
Mu: column 22
  0.0000000000000000E+00
  0.0000000000000000E+00
  0.0000000000000000E+00
  0.0000000000000000E+00
  0.0000000000000000E+00
  0.0000000000000000E+00
  0.0000000000000000E+00
  0.0000000000000000E+00
  0.0000000000000000E+00
  0.0000000000000000E+00
  0.0000000000000000E+00
  0.0000000000000000E+00
  0.0000000000000000E+00
  0.0000000000000000E+00
  0.0000000000000000E+00
  0.0000000000000000E+00
  0.0000000000000000E+00
  0.0000000000000000E+00
  0.0000000000000000E+00
  0.0000000000000000E+00
  0.0000000000000000E+00
  0.0000000000000000E+00
  0.0000000000000000E+00
  0.0000000000000000E+00
  0.0000000000000000E+00
  0.0000000000000000E+00
  0.0000000000000000E+00
  0.0000000000000000E+00
  0.0000000000000000E+00
Mu: column 23
  0.0000000000000000E+00
  0.0000000000000000E+00
  0.0000000000000000E+00
  0.0000000000000000E+00
  0.0000000000000000E+00
  0.0000000000000000E+00
  0.0000000000000000E+00
  0.0000000000000000E+00
  0.0000000000000000E+00
  0.0000000000000000E+00
  0.0000000000000000E+00
  0.0000000000000000E+00
  0.0000000000000000E+00
  0.0000000000000000E+00
  0.0000000000000000E+00
  0.0000000000000000E+00
  0.0000000000000000E+00
  0.0000000000000000E+00
  0.0000000000000000E+00
  0.0000000000000000E+00
  0.0000000000000000E+00
  0.0000000000000000E+00
  0.0000000000000000E+00
  0.0000000000000000E+00
  0.0000000000000000E+00
  0.0000000000000000E+00
  0.0000000000000000E+00
  0.0000000000000000E+00
  0.0000000000000000E+00
Mu: column 24
  0.3540611652735137E+07
 -0.2700027802134751E+10
  0.1128339228190927E+20
 -0.4321309316997897E+31
  0.5166853652503467E+09
  0.7205469308999121E+10
  0.1554741670400951E+13
  0.6034835426319489E+10
 -0.4660886122979051E+12
 -0.1775187298970499E+11
  0.6620484151826777E-04
 -0.3514503498862086E+02
 -0.1988513730938490E+13
  0.1693992997767131E-03
  0.2397612662986669E+07
  0.0000000000000000E+00
 -0.1317056972245124E-22
  0.2543691586135066E-34
 -0.5521056887014046E-21
  0.1055041411704631E-20
  0.2598910773359691E-24
  0.1861709521592712E-22
  0.2431587921824396E-25
  0.0000000000000000E+00
  0.0000000000000000E+00
  0.0000000000000000E+00
  0.0000000000000000E+00
 -0.1419598475855917E+10
  0.1127439889928082E+02
Mu: column 25
 -0.1442389427145585E+20
 -0.1273538352466806E+22
 -0.1612223039574952E+32
 -0.1154870697464271E+43
  0.1643978972120703E+21
 -0.2623433871721185E+22
 -0.2569321855255561E+24
 -0.1732831455510065E+22
 -0.2926119570976930E+25
  0.6266304174050670E+15
 -0.1653294587861897E+09
 -0.4404704049915151E+14
 -0.3662485239383648E+15
 -0.7294878792255340E-01
 -0.1953706362436588E+11
  0.0000000000000000E+00
  0.1950957781215698E-10
 -0.3762310680667867E-22
  0.4379398128534521E-09
 -0.8148059758389426E-09
 -0.4711640071855545E-14
  0.3859913963526016E-12
  0.3121325275812583E-13
  0.0000000000000000E+00
  0.0000000000000000E+00
  0.0000000000000000E+00
  0.0000000000000000E+00
  0.8361669423686706E+22
 -0.3631559452633237E+12
Mu: column 26
 -0.2096696955893337E+15
  0.3031290132602276E+18
 -0.1848220406700536E+30
 -0.3565593475260892E+40
  0.2782744365506379E+18
  0.6059286913952443E+19
 -0.1025687033217776E+21
 -0.4195897980491510E+18
 -0.2428386292563382E+22
 -0.2944798398013126E+12
  0.2351352929607059E+04
 -0.4224643998267455E+11
 -0.3295831183956487E+12
 -0.6776162618081471E-03
 -0.1657611056528312E+09
  0.0000000000000000E+00
  0.1174490465625269E-12
 -0.2264829685345595E-24
  0.2239346989568480E-11
 -0.4152698294821760E-11
 -0.1929288537021793E-18
 -0.8017023407824870E-15
  0.7256663302823131E-17
  0.0000000000000000E+00
  0.0000000000000000E+00
  0.0000000000000000E+00
  0.0000000000000000E+00
 -0.1369183804442823E+18
  0.6042156329673416E+10
Mu: column 27
 -0.9256185038555306E+14
  0.5127195549679847E+17
 -0.2537383396361620E+27
  0.9588198936252370E+38
 -0.1348648818356275E+17
 -0.1532328228642518E+18
 -0.1901569628717751E+20
 -0.1104409198727134E+18
 -0.1927699725502663E+20
  0.5956623354781365E+10
 -0.1083777789264751E+04
 -0.1675925456346472E+09
  0.2420852803779033E+10
 -0.7943332450088076E-06
 -0.2191818209655723E+06
  0.0000000000000000E+00
  0.7427156529690836E-16
 -0.1432052392927232E-27
  0.3435476453147781E-14
 -0.6387234217847738E-14
 -0.1315548233706760E-18
 -0.1042798590588523E-15
  0.1801547231823605E-17
  0.0000000000000000E+00
  0.0000000000000000E+00
  0.0000000000000000E+00
  0.0000000000000000E+00
  0.4368852070700990E+17
  0.5162112147080767E+07
Mu: column 28
 -0.3875060385658043E+16
  0.7850874199642093E+18
 -0.2478029522498862E+28
  0.1466297159940037E+40
 -0.2022339932444060E+18
 -0.2686726271081304E+19
  0.3222789128696112E+20
 -0.1721595407291398E+19
 -0.7762420954691147E+21
  0.1590566261521002E+12
 -0.4547384162517216E+05
 -0.1283912825850365E+11
 -0.1366457933705721E+12
 -0.9728187739534965E-05
 -0.2990363020414533E+07
  0.0000000000000000E+00
  0.4373093244195119E-14
 -0.8433608843314134E-26
  0.9214177870060197E-13
 -0.1716582111692617E-12
 -0.1101890697598222E-17
  0.7346163634822067E-15
 -0.9535628359958290E-18
  0.0000000000000000E+00
  0.0000000000000000E+00
  0.0000000000000000E+00
  0.0000000000000000E+00
  0.2308469025569629E+19
 -0.2255452342340017E+09
Mu: column 29
 -0.7666633439854976E+11
 -0.7218014597941572E+13
 -0.1056271311757603E+24
 -0.6219195891442403E+34
  0.8569872623291608E+12
 -0.1286641543545054E+14
 -0.1352225647175121E+16
 -0.9068479487471514E+13
 -0.1528842505725169E+17
  0.3175330009664732E+07
 -0.8463085072893725E+00
 -0.2305312274359582E+06
 -0.1909420054122592E+07
 -0.4589206784069516E-09
 -0.1209550079315727E+03
  0.0000000000000000E+00
  0.1145645517020903E-18
 -0.2209298085954986E-30
  0.2524285170052157E-17
 -0.4694816574301250E-17
 -0.2429145775969643E-22
  0.1730491776402350E-20
  0.1629335708092834E-21
  0.0000000000000000E+00
  0.0000000000000000E+00
  0.0000000000000000E+00
  0.0000000000000000E+00
  0.4282051024013747E+14
 -0.1114084672023202E+04
Mu: column 30
 -0.2117824406750465E+15
  0.3483546912790446E+17
 -0.4007391267541494E+27
  0.6312983826055934E+38
 -0.9041631067104952E+16
 -0.1404179974887303E+18
 -0.1753435848376790E+20
 -0.1077966823409275E+18
 -0.4261548518562686E+20
  0.1006537460532342E+11
 -0.2217626746235152E+04
 -0.4606950607488332E+09
 -0.1027236648572571E+10
 -0.2120027339012411E-05
 -0.5575728641950209E+06
  0.0000000000000000E+00
  0.3799711647412533E-15
 -0.7327194438943180E-27
  0.9411485368968576E-14
 -0.1748816251737059E-13
 -0.1461680064057201E-18
 -0.8155579482894577E-16
  0.1718058368898510E-17
  0.0000000000000000E+00
  0.0000000000000000E+00
  0.0000000000000000E+00
  0.0000000000000000E+00
  0.1239299909899425E+18
 -0.3959285851516306E+07
Mu: column 31
  0.2138163491929817E+17
  0.6001675653105778E+18
 -0.1458278850274090E+29
  0.1085789144973976E+40
 -0.1966208749879256E+18
  0.3895790037777939E+19
  0.3744473062237076E+21
  0.3340093511806570E+19
  0.3056291701536934E+22
 -0.8117393630271057E+12
  0.1990832435039862E+06
  0.4519504285708014E+11
  0.4753718723353198E+12
 -0.4987647248448556E-04
 -0.7522372917851829E+07
  0.0000000000000000E+00
 -0.1013436135603619E-14
  0.1956322784796713E-26
 -0.1063220415327552E-12
  0.2004009383603684E-12
  0.6304091413330264E-17
 -0.8580318450367536E-16
 -0.4391935716881443E-16
  0.0000000000000000E+00
  0.0000000000000000E+00
  0.0000000000000000E+00
  0.0000000000000000E+00
 -0.1424838687764591E+20
  0.1610585399092744E+10
Mu: column 32
 -0.1135815878302601E+05
 -0.5855151012617717E+08
  0.6204527911919387E+17
 -0.7715032886110657E+29
  0.1128350085343550E+08
  0.4118206899485721E+09
  0.3205010122314922E+11
  0.1347026830316017E+09
 -0.3915151184455469E+12
 -0.2692839856451227E+10
 -0.4603863014592748E+02
 -0.6335805817731016E+09
 -0.4614921720186420E+11
  0.3771754762534377E-05
  0.5527379225504373E+05
  0.0000000000000000E+00
  0.3099051676167741E-18
 -0.5984088768739810E-30
  0.2110222214033981E-17
 -0.4406825334353892E-17
  0.7199926259548770E-26
 -0.8154901688166218E-18
 -0.1453565339622346E-19
  0.0000000000000000E+00
  0.0000000000000000E+00
  0.0000000000000000E+00
  0.0000000000000000E+00
  0.3689295622837307E+08
  0.3270240047246519E+00
