  0.3719123214010662E-01
  0.3233107597486959E+12
  0.3269443235959660E+01
  0.2531309474704074E-33
  0.3757074120080860E-30
  0.1396144361705073E+08
  0.0000000000000000E+00
  0.2246668684146087E-01
  0.3974744026574298E+09
  0.2673751741510453E+09
  0.1204574958648276E-34
  0.1192967136272623E+13
  0.5418861841668208E-07
  0.3878775488839192E-31
  0.6826898143451607E-13
  0.1898837645853814E+13
  0.4710294593899800E-12
  0.5946611551664462E+09
  0.1081587475325647E-24
  0.8449484032833064E+01
  0.3029223885495064E+11
  0.3571107600521705E-13
  0.4986494458325569E-17
  0.2798894008451608E+00
  0.2098675736498075E+13
  0.1564704354223442E+11
  0.3906306102826488E+08
  0.9865847324082509E+09
  0.1268625541782511E+05
  0.3579021174685134E+08
  0.2676676583226274E+10
  0.8210225414068118E-02
