  0.3719122924958576E-01
  0.3233107654710536E+12
  0.3269444485052116E+01
  0.2530240167093588E-33
  0.3755470302212714E-30
  0.1396144707753783E+08
  0.0000000000000000E+00
  0.2246667931727332E-01
  0.3974752906070144E+09
  0.2673752318486754E+09
  0.1204060679121852E-34
  0.1192967129349619E+13
  0.5418865338441745E-07
  0.3877140933389581E-31
  0.1350072830720871E-33
  0.1898837693527754E+13
  0.3666090260605331E-44
  0.5946609424651351E+09
  0.1877401164103276E-31
  0.8449489451679440E+01
  0.3029223905291207E+11
  0.0000000000000000E+00
  0.0000000000000000E+00
  0.2798895847506692E+00
  0.2098675573387965E+13
  0.1564704846641861E+11
  0.3906306118515978E+08
  0.9865846493482614E+09
  0.1268625518604320E+05
  0.3579020787445552E+08
  0.2676677633353522E+10
  0.8210226565942936E-02
